1 5
2 30
3 38
4 50
5 71
6 81
7 95
8 111
9 118
10 124
11 136
12 143
13 149
14 159
15 177
16 189
17 204
18 217
19 222
20 230
21 246
22 267
23 273
24 282
25 299
26 320
27 321
28 343
29 355
30 366
31 375
32 381
33 413
34 429
35 442
36 458
37 472
38 486
39 507
40 520
41 539
42 560
43 582
44 601
45 602
46 619
47 630
48 641
49 662
50 678
51 692
52 712
53 727
54 739
55 750
56 770
57 785
58 801
59 820
60 840
61 861
62 870
63 876
64 896
65 906
66 929
67 936
68 956
69 966
70 985
71 1000
72 1009
73 1020
74 1031
75 1047
76 1065
77 1085
78 1090
79 1113
80 1131
81 1139
82 1144
83 1157
84 1170
85 1186
86 1197
87 1217
88 1223
89 1242
90 1248
91 1266
92 1279
93 1303
94 1314
95 1323
96 1335
97 1359
98 1371
99 1388
100 1399
101 1417
102 1445
103 1460
104 1470
105 1483
106 1502
107 1524
108 1541
109 1552
110 1567
111 1583
112 1594
113 1612
114 1636
115 1647
116 1660
117 1679
118 1699
119 1717
120 1730
121 1743
122 1758
123 1795
124 1809
125 1825